1851	" "	6	" "	3	" "	1	" "	36	" "	2 (1,3)
1852	" "	5	" "	5	" "	1	" "	73	" "	4 (1,3,1,2)
1853	" "	8	" "	4	" "	2	" "	76	" "	1 (1)
1854	" "	5	" "	3	" "	1	" "	31	" "	3 (1,3,2)
1855	" "	5	" "	4	" "	1	" "	18	" "	1 (3)
1856	" "	6	" "	4	" "	2	" "	49	" "	2 (4,2)
1857	" "	4	" "	3	" "	0	" "	40	" "	1 (2)
1858	" "	6	" "	6	" "	0	" "	45	" "	1 (1)
1859	" "	8	" "	7	" "	1	" "	56	" "	2 (1,1)
1860	" "	7	" "	6	" "	1	" "	62	" "	3 (3,2,2)
1861	" "	8	" "	6	" "	0	" "	50	" "	3 (1,1,1)
1862	" "	6	" "	3	" "	0	" "	46	" "	0
1863	" "	9	" "	5	" "	0	" "	50	" "	0
1864	" "	5	" "	3	" "	0	" "	27	" "	0
1865	" "	7	" "	3	" "	0	" "	49	" "	2 (2,2)
1866	" "	7	" "	6	" "	1	" "	84	" "	1 (2)
1867	" "	9	" "	7	" "	1	" "	60	" "	2 (1,2)
1868	" "	4	" "	3	" "	0	" "	35	" "	0
1869	" "	10	" "	7	" "	1	" "	51	" "	4 (2,1,3,2)
1870	" "	11	" "	10	" "	2	" "	88	" "	3 (1,1,1)
1871	6	8	" "	6	" "	2	" "	88	" "	3 (3,2,1)
1872	5	5	" "	4	" "	0	" "	65	" "	0
1873	5	5	" "	3	" "	2	" "	69	" "	2 (1,3)
1874	7	7	" "	4	" "	0	" "	47	" "	1 (1)
1875	4	6	" "	5	" "	1	" "	72	" "	1 (3)
1876	3	5	" "	4	" "	2	" "	57	" "	2 (1,2)
1877	8	8	" "	3	" "	1	" "	73	" "	2 (1,3)
1878	10	12	" "	10	" "	2	" "	181	" "	2 (2,2)
1879	8	8	" "	6	" "	2	" "	64	" "	3 (3,2,3)
1880	9	11	" "	9	" "	2	" "	131	" "	4 (3,2,1,1)
1881	6	7	" "	4	" "	0	" "	59	" "	2 (2,2)
1882	3	6	" "	4	" "	2	" "	59	" "	2 (3,1)
1883	4	4	" "	3	" "	2	" "	67	" "	1 (2)
1884	3	4	" "	4	" "	1	" "	72	" "	0
1885	8	8	" "	6	" "	0	" "	58	" "	1 (2)
1886	10	12	8	10	0	4	135	166	" "	7 (2,2,2,1,4,1,3)
1887	17	19	10	11	2	2	199	181	" "	4 (1,1,1,1)
1888	9	9	5	6	0	2	93	85	" "	3 (1,3,2)
1889	9	9	5	6	0	0	127	104	" "	1 (1)
1890	1	4	1	2	0	1	24	33	" "	0
1891	11	10	8	7	0	1	165	116	" "	2 (1,1)
1892	9	9	4	5	0	0	121	116	" "	0
1893	12	12	10	10	3	5	267	231	" "	5 (1,3,2,4,3)
1894	6	7	5	5	2	4	133	135	" "	2 (2,3)
1895	6	6	2	2	1	0	85	69	" "	1 (1)
1896	6	7	6	6	2	2	164	136	" "	3 (2,1,3)
1897	5	6	2	3	0	0	52	55	" "	1 (1)
1898	9	11	4	5	0	1	114	113	" "	3 (1,1,4)
1899	6	10	5	5	3	2	130	151	2 (3,3)	3 (2,3,2)
1900	7	7	3	3	2	2	81	83	1 (4)	1 (4)
1901	10	13	3	6	1	0	99	99	2 (1,2)	2 (1,1)
1902	5	5	3	3	0	0	37	33	0	0
1903	9	10	8	7	1	1	117	102	2 (2,1)	2 (1,1)
1904	5	6	2	4	0	0	30	30	1 (1)	2 (1,1)
1905	5	5	1	1	0	1	25	28	0	0
1906	11	11	6	6	4	3	170	163	4 (1,3,3,2)	4 (1,1,2,3)
1907	4	5	0	0	0	0	11	13	0	0
1908	8	10	5	6	1	1	80	95	1 (1)	1 (1)
1909	10	12	4	6	4	4	111	93	4 (3,2,4,3)	5 (2,3,1,3,3)
1910	4	5	3	3	3	1	78	64	2 (2,3)	2 (2,2)
1911	4	6	3	3	0	0	36	35	2 (1,2)	2 (1,2)
1912	6	7	4	4	1	1	74	57	2 (1,1)	2 (1,2)
1913	4	6	3	4	0	0	43	36	2 (1,1)	3 (1,1,1)
1914	1	1	0	0	0	0	3	3	0	0
1915	5	6	4	5	3	3	118	130	3 (4,1,4)	4 (1,4,1,3)
1916	14	15	11	10	6	5	177	144	6 (3,1,1,3,2,1)	4 (3,2,4,2)
1917	3	4	2	2	2	2	52	61	1 (3)	1 (3)
1918	5	6	3	4	0	1	29	40	1 (3)	2 (3,1)
1919	3	5	1	2	1	1	48	55	1 (4)	1 (4)
1920	4	5	4	4	0	0	31	30	2 (2,1)	1 (2)
1921	6	7	4	5	2	2	75	87	2 (2,3)	2 (1,3)
1922	4	5	2	3	1	1	58	55	0	0
1923	7	9	3	4	1	1	54	49	1 (1)	1 (1)
1924	8	11	5	5	2	2	89	100	2 (1,1)	3 (1,1,1)
1925	2	4	1	1	1	0	7	7	1 (1)	0
1926	11	11	8	8	6	6	222	230	3 (2,3,4)	4 (2,3,4,1)
1927	7	8	4	4	2	1	56	56	0	0
1928	6	6	4	4	1	1	75	83	2 (2,4)	2 (2,4)
1929	3	5	3	3	1	1	43	48	2 (1,3)	2 (1,3)
1930	2	3	2	2	1	2	39	50	0	0
1931	9	13	2	3	1	1	39	48	0	0
1932	11	15	6	6	4	4	136	170	2 (4,1)	2 (4,1)
1933	21	20	10	11	5	6	213	259	5 (2,2,3,3,3)	5 (1,1,3,3,2)
1934	11	13	6	7	0	1	60	48	2 (3,2)	3 (2,1,1)
1935	6	8	5	5	3	3	95	106	2 (5,2)	2 (5,2)
1936	16	17	7	7	1	1	108	100	3 (1,3,2)	3 (1,2,1)
1937	9	11	3	4	0	1	61	66	0	0
1938	8	9	3	4	1	2	73	78	2 (1,3)	2 (1,3)
1939	5	6	3	3	1	1	34	34	1 (1)	1 (1)
1940	8	9	4	6	0	0	52	68	2 (2,2)	2 (2,2)
1941	6	6	4	4	2	3	61	52	2 (3,2)	2 (3,2)
1942	10	11	4	4	1	1	66	63	2 (1,3)	2 (1,3)
1943	10	10	5	5	2	2	94	94	1 (2)	1 (2)
1944	11	14	7	8	3	3	96	104	3 (1,3,3)	3 (1,2,3)
1945	11	11	5	5	3	2	67	63	3 (1,2,3)	3 (1,3,4)
1946	6	7	3	3	1	0	22	20	1 (1)	1 (1)
1947	9	10	5	5	2	2	112	88	3 (1,4,2)	3 (1,4,2)
1948	9	10	6	6	4	4	106	95	3 (1,3,2)	3 (1,4,2)
1949	13	16	7	7	3	2	98	96	3 (1,3,2)	3 (1,4,2)
1950	13	16	11	11	8	6	243	211	3 (1,3,3)	3 (1,3,4)
1951	10	12	8	8	5	3	137	126	0	0
1952	7	11	6	5	3	2	87	69	1 (1)	1 (2)
1953	14	14	6	7	4	3	104	99	3 (1,1,1)	3 (1,1,1)
1954	11	16	8	7	2	3	113	111	3 (3,3,4)	3 (3,2,4)
1955	12	13	9	9	6	4	199	158	3 (3,1,3)	2 (2,2)
1956	8	12	4	4	2	1	54	57	1 (2)	1 (1)
1957	8	8	3	3	2	2	84	79	1 (4)	1 (3)
1958	10	12	7	7	5	3	121	110	0	1 (3)
1959	11	14	7	7	2	2	77	77	3 (1,1,3)	3 (1,1,4)
1960	7	8	4	4	2	2	88	73	2 (4,1)	2 (4,1)
1961	11	12	8	8	7	5	205	189	1 (4)	1 (4)
1962	5	7	3	4	1	0	36	50	0	0
1963	9	10	7	7	2	3	118	113	1 (1)	0
1964	12	13	6	7	6	4	170	153	4 (2,2,2,2)	4 (2,2,2,2)
1965	6	10	4	4	1	1	84	88	1 (3)	1 (4)
1966	11	11	7	7	3	3	145	145	2 (2,1)	2 (2,1)
1967	8	8	6	6	1	1	122	122	1 (3)	1 (3)
1968	8	8	4	4	0	0	45	45	1 (2)	1 (2)
1969	18	18	12	12	5	5	166	166	2 (5,1)	2 (5,1)
1970	10	10	5	5	2	2	40	40	1 (3)	1 (3)
1971	13	13	6	6	1	1	97	97	3 (2,1,1)	3 (2,1,1)
1972	7	7	3	3	0	0	36	36	1 (1)	1 (1)
1973	8	8	4	4	1	1	48	48	0	0
1974	11	11	4	4	2	2	68	68	1 (3)	1 (3)
1975	9	9	6	6	3	3	76	76	1 (3)	1 (3)
1976	10	10	6	6	2	2	84	84	1 (1)	1 (1)
1977	6	6	5	5	1	1	25	25	1 (1)	1 (1)
1978	12	12	5	5	2	2	63	63	0	0
1979	9	9	5	5	2	2	93	93	3 (1,2,3)	3 (1,2,3)
1980	11	11	9	9	2	2	149	149	1 (3)	1 (3)
1981	12	12	7	7	3	3	100	100	0	0
1982	6	6	2	2	1	1	32	32	0	0
1983	4	4	3	3	1	1	17	17	1 (3)	1 (3)
1984	13	13	5	5	1	1	84	84	1 (3)	1 (3)
1985	11	11	7	7	3	3	88	88	6 (1,1,3,3,1,2)	6 (1,1,3,3,1,2)
1986	6	6	4	4	0	0	36	36	2 (1,1)	2 (1,1)
1987	7	7	3	3	1	1	34	34	1 (1)	1 (1)
1988	12	12	5	5	3	3	103	103	1 (1)	1 (1)
1989	11	11	7	7	2	2	135	135	3 (1,4,1)	3 (1,4,1)
1990	14	14	8	8	1	1	97	97	0	0
1991	8	8	4	4	2	2	36	36	1 (2)	1 (2)
1992	7	7	4	4	1	1	73	76	1 (4)	1 (5)
1993	8	8	4	4	1	1	39	39	1 (3)	1 (3)
1994	7	7	3	3	0	0	32	32	0	0
1995	19	19	11	11	5	5	228	228	2 (2,3)	2 (2,3)
1996	13	13	9	9	6	6	166	166	2 (2,3)	2 (2,3)
1997	8	8	3	3	1	1	41	41	1 (1)	1 (1)
1998	14	14	10	10	3	3	182	182	3 (2,1,2)	3 (2,1,2)
1999	12	12	8	8	5	5	177	177	3 (3,2,1)	3 (3,2,1)
2000	15	15	8	8	3	3	119	119	0	0
2001	15	15	9	9	4	4	110	110	0	0
2002	12	12	4	4	2	2	67	67	1 (1)	1 (1)
2003	16	16	7	7	3	3	176	176	2 (1,2)	2 (1,2)
2004	15	15	9	9	6	6	227	227	6 (1,4,1,2,3,3)	6 (1,4,1,2,3,3)
2005	28	28	15	15	7	7	250	250	6 (1,3,3,1,3,3)	6 (1,3,3,1,3,3)
2006	10	10	5	5	2	2	79	79	0	0
2007	15	15	6	6	2	2	74	74	1 (1)	1 (1)
2008	16	16	8	8	5	5	146	146	3 (1,2,2)	3 (1,2,2)
2009	9	9	3	3	2	2	53	53	0	0
2010	19	19	12	12	5	5	165	165	0	0
2011	19	19	7	7	4	4	126	126	1 (1)	1 (1)
2012	19	19	10	10	2	2	129	129	2 (1,1)	2 (1,1)
2013	14	14	2	2	0	0	36	36	0	0
2014	8	8	6	6	2	2	67	67	1 (2)	1 (2)
2015	11	11	4	4	2	2	63	63	0	0
2016	15	15	7	7	4	4	141	141	2 (1,1)	2 (1,1)
2017	17	17	10	10	6	6	223	223	3 (4,1,1)	3 (4,1,1)
2018	15	15	8	8	2	2	132	132	2 (1,5)	2 (1,5)
Notes:
" " = Not available in original HURDAT

Named Storms = Tropical Storms, Hurricanes and Subtropical Storms

Hurricanes = Saffir-Simpson Hurricane Scale 1 to 5

Major Hurricanes = Saffir-Simpson Hurricane Scale 3, 4, or 5

"ACE" - Accumulated Cyclone Energy = An index that combines the numbers of systems, how long they existed and how intense they became. It is calculated by squaring the maximum sustained surface wind in the system every six hours that the cyclone is a Named Storm and summing it up for the season.

It is expressed in 10 to the 4th kt**2.
U.S. Hurricanes = Number of Hurricane strikes on the continental United States. Inside the parenthesis is the highest Saffir-Simpson Scale category for each U.S. hurricane at landfall.

Red highlight indicates that revisions have been made. The remainder of the 20th century is currently under revision.